0.0302529335022
0.0303311347961
0.0304689407349
0.030168056488
0.000876903533936
0.0292599201202
0.0294752120972
0.0301489830017
0.000839948654175
0.0293500423431
0.0301649570465
0.0300660133362
0.000856876373291
0.0294880867004
0.0302050113678
0.0300889015198
0.0301280021667
0.000919103622437
0.0292448997498
0.0301380157471
0.0301749706268
0.000977039337158
0.0291781425476
0.0301609039307
0.030170917511
0.0293891429901
0.00107884407043
0.0290610790253
0.0301630496979
0.0301558971405
0.00137495994568
0.0287640094757
0.0301229953766
0.0301601886749
0.00131297111511
0.0288488864899
0.0291919708252
0.0301291942596
0.0300929546356
0.00150990486145
0.0286779403687
0.030091047287
0.0301671028137
0.00188803672791
0.0282988548279
0.0301060676575
0.0301580429077
0.0301699638367
0.00164389610291
0.0284221172333
0.0302278995514
0.0301861763
0.00171685218811
0.0275051593781
0.0294418334961
0.0301711559296
0.00152778625488
0.0286691188812
0.0301339626312
0.0301151275635
0.030152797699
0.00161099433899
0.0285310745239
0.0301439762115
0.0300850868225
0.00362396240234
0.0265889167786
0.0301291942596
0.0301477909088
0.0301611423492
0.00235986709595
0.0277810096741
0.0301620960236
0.0301361083984
0.00173592567444
0.0284340381622
0.0301098823547
0.0301611423492
0.00154495239258
0.0277569293976
0.0291681289673
0.0301477909088
0.0301601886749
0.00187802314758
0.0282499790192
0.0301718711853
0.0301721096039
0.00246691703796
0.0267701148987
0.030161857605
0.0301389694214
0.0301871299744
0.00295090675354
0.0272099971771
0.0301561355591
0.0301568508148
0.00381898880005
0.0263841152191
0.0291969776154
0.0301320552826
0.00446200370789
0.0257048606873
0.0301530361176
0.0301160812378
0.0301170349121
0.0024528503418
0.0268371105194
0.030149936676
0.02845287323
0.0301280021667
0.00319004058838
0.0269320011139
0.0292341709137
0.0301029682159
0.00267100334167
0.0275378227234
0.0301120281219
0.0292611122131
0.0301239490509
0.00478291511536
0.0253682136536
0.0301079750061
0.0301468372345
0.00239610671997
0.0277810096741
0.0301399230957
0.0300841331482
0.00239586830139
0.0278189182281
0.0301251411438
0.0301570892334
0.0301868915558
0.00508594512939
0.0250380039215
0.030149936676
0.030177116394
0.00242400169373
0.0277400016785
0.0301570892334
0.0301508903503
0.00257992744446
0.0276031494141
0.0292890071869
0.0301468372345
0.030158996582
0.00370597839355
0.026465177536
0.0303268432617
0.0299379825592
0.0027801990509
0.0274620056152
0.0301609039307
0.030149936676
0.00233197212219
0.0278820991516
0.0301148891449
0.0301620960236
0.0292661190033
0.00382494926453
0.0263149738312
0.0301160812378
0.0301518440247
0.004478931427
0.0358581542969
0.0300509929657
0.00473284721375
0.0254111289978
0.0292608737946
0.0301132202148
0.0292298793793
0.00336003303528
0.0268239974976
0.0301570892334
0.028422832489
0.00397896766663
0.0261931419373
0.0301558971405
0.0301721096039
0.0300970077515
0.00338196754456
0.0268359184265
0.0302040576935
0.0301330089569
0.0033700466156
0.0267980098724
0.0301659107208
0.0301740169525
0.00465798377991
0.0254609584808
0.0301070213318
0.0301730632782
0.0300829410553
0.00327205657959
0.026948928833
0.0301251411438
0.0301628112793
0.00390720367432
0.0262458324432
0.0301520824432
0.0301558971405
0.00488901138306
0.0353219509125
0.0301291942596
0.00426483154297
0.0259411334991
0.0301229953766
0.0301568508148
0.0301551818848
0.00576400756836
0.0244119167328
0.0301599502563
0.0301570892334
0.00421094894409
0.0259900093079
0.029237985611
0.0301389694214
0.0301761627197
0.00583982467651
0.0243611335754
0.0301120281219
0.0301768779755
0.00457501411438
0.0356779098511
0.0301492214203
0.00414299964905
0.0260269641876
0.0301640033722
0.0302658081055
0.00492405891418
0.0352289676666
0.0301730632782
0.0038800239563
0.0263359546661
0.0301101207733
0.0303318500519
0.00497913360596
0.0250868797302
0.0300860404968
0.0298149585724
0.0301921367645
0.00482296943665
0.0354180335999
0.0301668643951
0.00531911849976
0.0340328216553
0.0301551818848
0.00431704521179
0.0258629322052
0.0292398929596
0.0302050113678
0.00611901283264
0.0341191291809
0.0301368236542
0.00395703315735
0.0262370109558
0.0301399230957
0.0301082134247
0.00399589538574
0.0253059864044
0.0301940441132
0.03014087677
0.0301451683044
0.00537896156311
0.024808883667
0.030121088028
0.0301439762115
0.00434803962708
0.0258300304413
0.0301768779755
0.0302309989929
0.0291681289673
0.00527787208557
0.0349631309509
0.0301320552826
0.00661396980286
0.0335988998413
0.0302069187164
0.00662612915039
0.0335478782654
0.00561618804932
0.0346689224243
0.0301990509033
0.00717282295227
0.0330250263214
0.0301260948181
0.00536108016968
0.0248408317566
0.0301280021667
0.0301451683044
0.00416684150696
0.0260231494904
0.0301430225372
0.0301368236542
0.0301511287689
0.00535798072815
0.0348410606384
0.0301418304443
0.00685095787048
0.0333762168884
0.0301368236542
0.00547695159912
0.0347502231598
0.00732398033142
0.0322499275208
0.0301449298859
0.0301280021667
0.00428009033203
0.0259039402008
0.029305934906
0.0301489830017
0.00394320487976
0.0262358188629
0.0301671028137
0.0292999744415
0.0301320552826
0.00502705574036
0.0251498222351
0.0301690101624
0.0301520824432
0.00416803359985
0.0260138511658
0.0301530361176
0.0301971435547
0.00492596626282
0.0352530479431
0.0301678180695
0.00567698478699
0.0345511436462
0.0301449298859
0.0053870677948
0.0248138904572
0.0301711559296
0.0301098823547
0.00387597084045
0.0263299942017
0.0292601585388
0.0301768779755
0.0292189121246
0.00436806678772
0.0257930755615
0.0301280021667
0.0301809310913
0.00693202018738
0.0332798957825
0.0301530361176
0.00496006011963
0.0251960754395
0.0301640033722
0.0301508903503
0.00522899627686
0.0350511074066
0.0301558971405
0.0038890838623
0.0263080596924
0.0301818847656
0.0301470756531
0.0301308631897
0.00645613670349
0.0338020324707
0.0292448997498
0.00549602508545
0.0347220897675
0.0301649570465
0.00625705718994
0.0339789390564
0.00703406333923
0.0332059860229
0.0263979434967
0.0301730632782
0.00432085990906
0.0358510017395
0.0302379131317
0.00659203529358
0.0336019992828
0.0302131175995
0.00690698623657
0.0333468914032
0.010174036026
0.0300350189209
0.0301599502563
0.0301651954651
0.0045599937439
0.0247039794922
0.0301489830017
0.0292680263519
0.00674891471863
0.033478975296
0.0302081108093
0.00574588775635
0.0345020294189
0.0301570892334
0.00565981864929
0.034558057785
0.030177116394
0.00793099403381
0.0323219299316
0.030158996582
0.0064480304718
0.0329370498657
0.0301299095154
0.0059700012207
0.0342869758606
0.030177116394
0.00916290283203
0.0310559272766
0.00741195678711
0.0328330993652
0.0302278995514
0.00835013389587
0.0309600830078
0.0301449298859
0.0054030418396
0.0348899364471
0.0301389694214
0.00615000724792
0.0340790748596
0.0301430225372
0.00676202774048
0.0325398445129
0.0301029682159
0.00593519210815
0.0342898368835
0.0301380157471
0.00578212738037
0.0344529151917
0.0301759243011
0.00801610946655
0.0321538448334
0.0301601886749
0.00649690628052
0.0337951183319
0.0264179706573
0.00580596923828
0.0335578918457
0.0301671028137
0.00754904747009
0.0326678752899
0.0301530361176
0.00612211227417
0.0341219902039
0.0104308128357
0.0297861099243
0.0301768779755
0.0301580429077
0.00601410865784
0.0342090129852
0.0301640033722
0.0050938129425
0.0351572036743
0.0301599502563
0.00600600242615
0.0342428684235
0.0302331447601
0.00695896148682
0.0332200527191
0.0301699638367
0.00739789009094
0.0328860282898
0.030149936676
0.00701999664307
0.0331981182098
0.00858306884766
0.0316989421844
0.0110890865326
0.0291268825531
0.0301699638367
0.0302109718323
0.00569701194763
0.0345010757446
0.030158996582
0.00704002380371
0.0331828594208
0.0300810337067
0.00642800331116
0.033802986145
0.0301861763
0.00901699066162
0.0311968326569
0.0301711559296
0.00925898551941
0.0309870243073
0.0301349163055
0.00640201568604
0.0338509082794
0.0301821231842
0.00966191291809
0.0305690765381
0.0301458835602
0.007080078125
0.0331330299377
0.00670003890991
0.0326189994812
0.0301599502563
0.00734496116638
0.0328729152679
0.0301191806793
0.00645995140076
0.0335268974304
0.0301790237427
0.00869011878967
0.0315489768982
0.0301790237427
0.00763487815857
0.0326499938965
0.0301041603088
0.0083270072937
0.0319290161133
0.0301668643951
0.0073721408844
0.031909942627
0.030168056488
0.0109269618988
0.00839591026306
0.0300769805908
0.0301640033722
0.030200958252
0.0301520824432
0.00644707679749
0.0337989330292
0.0301868915558
0.00945401191711
0.0307891368866
0.0103549957275
0.0399718284607
0.00861406326294
0.0315930843353
0.0301668643951
0.00816917419434
0.0320289134979
0.030177116394
0.00691795349121
0.0333468914032
0.0301339626312
0.00706005096436
0.0331790447235
0.030179977417
0.00778603553772
0.032438993454
0.0292189121246
0.00948214530945
0.0307898521423
0.0292739868164
0.00538802146912
0.0348789691925
0.0301260948181
0.00779509544373
0.0323808193207
0.00807309150696
0.0321769714355
0.0301949977875
0.00951910018921
0.0306868553162
0.0301389694214
0.00802612304688
0.032320022583
0.0300660133362
0.0103988647461
0.0299141407013
0.0103640556335
0.02982878685
0.0301470756531
0.0295081138611
0.00809597969055
0.0321319103241
0.0301549434662
0.0101799964905
0.0300350189209
0.0117511749268
0.0385689735413
0.0079939365387
0.0322570800781
0.0302019119263
0.0120470523834
0.0381908416748
0.00495219230652
0.0352590084076
0.0104489326477
0.0297920703888
0.0301558971405
0.00759887695312
0.0326380729675
0.030130147934
0.00809478759766
0.032163143158
0.0301659107208
0.0102169513702
0.0400969982147
0.00927901268005
0.0309751033783
0.0114240646362
0.0379710197449
0.00737380981445
0.032860994339
0.0293030738831
0.00905513763428
0.0312118530273
0.00956201553345
0.0298089981079
0.040195941925
0.00762796401978
0.0325741767883
0.0107140541077
0.0295298099518
0.0119001865387
0.0283138751984
0.0301070213318
0.0292749404907
0.00971698760986
0.0305581092834
0.0301258563995
0.00995898246765
0.0303280353546
0.0301201343536
0.00741004943848
0.0319299697876
0.0301859378815
0.0108730792999
0.0293219089508
0.0301458835602
0.00725913047791
0.0329790115356
0.0109040737152
0.0293219089508
0.0292570590973
0.0301530361176
0.0096709728241
0.0287959575653
0.0301759243011
0.0109479427338
0.0293180942535
0.0102019309998
0.0300190448761
0.0301539897919
0.0108370780945
0.0294380187988
0.0137469768524
0.0365278720856
0.0301711559296
0.00940203666687
0.0308408737183
0.0301389694214
0.00785708427429
0.0323739051819
0.0104639530182
0.0389699935913
0.010293006897
0.0390810966492
0.00926113128662
0.0309338569641
0.0301570892334
0.00834083557129
0.0319240093231
0.0301861763
0.00833082199097
0.0318450927734
0.010370016098
0.0298209190369
0.0102729797363
0.0290760993958
0.0301179885864
0.0301430225372
0.0292630195618
0.0137648582458
0.00724005699158
0.0393860340118
0.0301740169525
0.00795292854309
0.0323650836945
0.0124719142914
0.0368831157684
0.0100879669189
0.0301690101624
0.030158996582
0.0301539897919
0.00738191604614
0.0328660011292
0.0292999744415
0.00625014305115
0.033989906311
0.0301690101624
0.00987100601196
0.0303959846497
0.0301530361176
0.00914812088013
0.0118019580841
0.0294709205627
0.0401721000671
0.00989580154419
0.0294921398163
0.0121638774872
0.0365340709686
0.0114259719849
0.0389161109924
0.0122618675232
0.0116910934448
0.0264070034027
0.0301170349121
0.0301630496979
0.0301668643951
0.0104699134827
0.0297601222992
0.0118880271912
0.0384540557861
0.00806093215942
0.032212972641
0.0301969051361
0.0094211101532
0.0308020114899
0.030149936676
0.00838613510132
0.0318918228149
0.0129890441895
0.0372319221497
0.0095751285553
0.0306499004364
0.0115160942078
0.0387070178986
0.00758504867554
0.0326569080353
0.0302600860596
0.0072648525238
0.0327970981598
0.0301430225372
0.0121250152588
0.0364208221436
0.0137441158295
0.0365760326385
0.0109858512878
0.0290970802307
0.00987601280212
0.0304689407349
0.0111331939697
0.039030790329
0.0301580429077
0.0096549987793
0.0296809673309
0.0301730632782
0.00962114334106
0.0111138820648
0.0295848846436
0.0301461219788
0.0301299095154
0.0103731155396
0.0299179553986
0.0134370326996
0.0368030071259
0.0292429924011
0.00822496414185
0.0320270061493
0.0108270645142
0.0394420623779
0.00882792472839
0.0314249992371
0.0301370620728
0.0116698741913
0.0246760845184
0.0115900039673
0.0387558937073
0.0122489929199
0.0279560089111
0.0403311252594
0.0116438865662
0.0141599178314
0.034511089325
0.0302000045776
0.0112450122833
0.0289850234985
0.0146880149841
0.0356059074402
0.00806903839111
0.0321800708771
0.0121479034424
0.0382311344147
0.0301649570465
0.0109169483185
0.00966906547546
0.0398209095001
0.012197971344
0.0380721092224
0.00924706459045
0.0410628318787
0.0107409954071
0.0294811725616
0.0115268230438
0.0387749671936
0.0130820274353
0.0372471809387
0.0111057758331
0.0291421413422
0.0118069648743
0.0384750366211
0.0118119716644
0.0120720863342
0.0365579128265
0.013335943222
0.0367820262909
0.0120210647583
0.0383360385895
0.00906300544739
0.031082868576
0.0301990509033
0.00837707519531
0.0418698787689
0.0114431381226
0.00946998596191
0.0293819904327
0.0401940345764
0.0120868682861
0.00907397270203
0.029237985611
0.0300991535187
0.0302829742432
0.0146429538727
0.0355279445648
0.0120661258698
0.0382869243622
0.00930094718933
0.0309340953827
0.0115609169006
0.038547039032
0.0132720470428
0.0118138790131
0.0352680683136
0.0103650093079
0.0298979282379
0.0392661094666
0.00995898246765
0.0302710533142
0.0130679607391
0.0371840000153
0.0121829509735
0.0372090339661
0.0113818645477
0.0288569927216
0.0301280021667
0.00900411605835
0.0312008857727
0.0105240345001
0.0397961139679
0.0127069950104
0.00847005844116
0.0391278266907
0.0124661922455
0.0379819869995
0.0113608837128
0.037985086441
0.0107560157776
0.0395758152008
0.0114681720734
0.0287628173828
0.0108962059021
0.0284609794617
0.0121870040894
0.0381510257721
0.0122590065002
0.0380318164825
0.0117440223694
0.0285170078278
0.0293920040131
0.0141739845276
0.0360281467438
0.00942182540894
0.0308201313019
0.0149600505829
0.0344188213348
0.0109121799469
0.0293259620667
0.0129978656769
0.0364291667938
0.0116629600525
0.0386018753052
0.0124821662903
0.0378379821777
0.0117919445038
0.0116789340973
0.0368731021881
0.0108299255371
0.039479970932
0.0134780406952
0.0368359088898
0.013111114502
0.037230014801
0.012932062149
0.00921487808228
0.0375230312347
0.0129358768463
0.0374572277069
0.0121169090271
0.0380890369415
0.00829291343689
0.0310020446777
0.0301690101624
0.00719404220581
0.0331509113312
0.0301060676575
0.00910687446594
0.011036157608
0.0301308631897
0.0403060913086
0.0165140628815
0.0329029560089
0.0123598575592
0.00975704193115
0.0382680892944
0.014575958252
0.0357179641724
0.0131900310516
0.0371251106262
0.0137968063354
0.00995302200317
0.0366311073303
0.0127029418945
0.0376460552216
0.0111629962921
0.0391159057617
0.00887608528137
0.031406879425
0.0151259899139
0.0351212024689
0.0124897956848
0.0378470420837
0.0134370326996
0.0107519626617
0.0361490249634
0.0128691196442
0.0374298095703
0.0136680603027
0.0366790294647
0.00924801826477
0.0137050151825
0.0374050140381
0.0129449367523
0.037339925766
0.0114061832428
0.0288679599762
0.017049074173
0.0332667827606
0.010950088501
0.0393259525299
0.0111379623413
0.0391421318054
0.0109479427338
0.0293009281158
0.014582157135
0.0357270240784
0.0116028785706
0.0387091636658
0.011531829834
0.00958395004272
0.0398831367493
0.012090921402
0.0381350517273
0.0134210586548
0.0368528366089
0.0123820304871
0.0106890201569
0.0373120307922
0.016389131546
0.0338678359985
0.011901140213
0.0384178161621
0.0106430053711
0.0395541191101
0.0100100040436
0.0140788555145
0.0363631248474
0.0158588886261
0.0345141887665
0.0136690139771
0.0366899967194
0.0139789581299
0.0117118358612
0.0346610546112
0.0130650997162
0.037211894989
0.0148770809174
0.0353798866272
0.0122680664062
0.0380170345306
0.0112359523773
0.0163469314575
0.0419380664825
0.0112149715424
0.0111200809479
0.0381479263306
0.00946617126465
0.0400328636169
0.0133950710297
0.0368189811707
0.0150699615479
0.00834703445435
0.036985874176
0.0139300823212
0.0364439487457
0.0163071155548
0.0339958667755
0.0125601291656
0.0376839637756
0.0128400325775
0.0123870372772
0.0351769924164
0.0124709606171
0.0369789600372
0.0106780529022
0.0397028923035
0.011528968811
0.0104811191559
0.0384318828583
0.0131070613861
0.0372560024261
0.0138869285583
0.0364081859589
0.0126600265503
0.0338900089264
0.0156137943268
0.0346410274506
0.0121879577637
0.0114781856537
0.0367197990417
0.0136640071869
0.036630153656
0.0103330612183
0.0299398899078
0.0155670642853
0.0347218513489
0.0113651752472
0.037092924118
0.0112459659576
0.0390410423279
0.0112609863281
0.0128579139709
0.0362479686737
0.0123341083527
0.0379199981689
0.0120160579681
0.0382430553436
0.013659954071
0.0366070270538
0.0139889717102
0.0117180347443
0.0346260070801
0.014625787735
0.0356750488281
0.0134789943695
0.036847114563
0.0140819549561
0.0116240978241
0.0346269607544
0.0119919776917
0.0383269786835
0.0125548839569
0.0376651287079
0.0115668773651
0.0120921134949
0.0367500782013
0.0140278339386
0.036257982254
0.0151200294495
0.0342669487
0.0145351886749
0.0170810222626
0.0370678901672
0.0166549682617
0.0336849689484
0.0170040130615
0.0111470222473
0.0322229862213
0.0123479366302
0.0371119976044
0.0107970237732
0.0394690036774
0.0125980377197
0.0376679897308
0.0101799964905
0.0103180408478
0.0398631095886
0.030161857605
0.014111995697
0.0129990577698
0.0305030345917
0.0152609348297
0.0350570678711
0.0157949924469
0.0344209671021
0.014319896698
0.0360000133514
0.0175120830536
0.0168719291687
0.0342750549316
0.0146160125732
0.0356550216675
0.013277053833
0.0141730308533
0.031996011734
0.012993812561
0.0372500419617
0.0134201049805
0.0367839336395
0.0154430866241
0.0350239276886
0.0164020061493
0.0107479095459
0.0322630405426
0.0167601108551
0.0335879325867
0.0143489837646
0.0340859889984
0.0138540267944
0.0364360809326
0.0142478942871
0.0148780345917
0.0116219520569
0.0397629737854
0.0148720741272
0.0354080200195
0.013121843338
0.0371742248535
0.0152699947357
0.0350728034973
0.0126531124115
0.011950969696
0.0349230766296
0.0124139785767
0.0378980636597
0.012491941452
0.0378320217133
0.0154008865356
0.03484416008
0.0146369934082
0.0110259056091
0.034786939621
0.0182750225067
0.0321109294891
0.0106999874115
0.0385830402374
0.0116450786591
0.0112690925598
0.0376288890839
0.010843038559
0.0385348796844
0.0301439762115
0.0142550468445
0.0108959674835
0.0345051288605
0.015368938446
0.0339510440826
0.0123698711395
0.0380020141602
0.0112671852112
0.0389518737793
0.0137519836426
0.0140311717987
0.0426549911499
0.0141937732697
0.0114440917969
0.0347669124603
0.0141921043396
0.0361270904541
0.0140810012817
0.0361709594727
0.0151019096375
0.0154070854187
0.0399849414825
0.0158729553223
0.0111839771271
0.0332679748535
0.0157480239868
0.0345420837402
0.0197911262512
0.0162937641144
0.0344560146332
0.0156600475311
0.0346930027008
0.0145750045776
0.0111861228943
0.0346109867096
0.0124809741974
0.0369489192963
0.0163841247559
0.033910036087
0.013240814209
0.0370671749115
0.010381937027
0.0126688480377
0.0373361110687
0.0127799510956
0.0375120639801
0.0145900249481
0.0357110500336
0.0133898258209
0.0122621059418
0.0448069572449
0.0165729522705
0.0136561393738
0.0401508808136
0.0126240253448
0.0154581069946
0.0323278903961
0.0205991268158
0.0162680149078
0.0326957702637
0.01416015625
0.036082983017
0.0148460865021
0.0355339050293
0.0139110088348
0.0114178657532
0.0356590747833
0.0193219184875
0.0114412307739
0.039717912674
0.0150148868561
0.0171751976013
0.0382359027863
0.0120470523834
0.0382590293884
0.0154669284821
0.034875869751
0.0127601623535
0.00958585739136
0.0380899906158
0.014347076416
0.03595495224
0.0158181190491
0.0345199108124
0.0150759220123
0.011883020401
0.0334491729736
0.0130569934845
0.0372619628906
0.0181849002838
0.0120069980621
0.0402851104736
0.014209985733
0.0360469818115
0.0145869255066
0.0112910270691
0.0337319374084
0.0143210887909
0.0452239513397
0.0163230895996
0.011971950531
0.0320301055908
0.0123558044434
0.0380051136017
0.0149109363556
0.034471988678
0.0161430835724
0.0131750106812
0.0412218570709
0.0188491344452
0.0130410194397
0.0386219024658
0.0126430988312
0.0121819972992
0.03560090065
0.0188901424408
0.0133819580078
0.0373048782349
0.0173909664154
0.0328941345215
0.0171160697937
0.0160059928894
0.0373678207397
0.0184230804443
0.0125739574432
0.0394849777222
0.0133831501007
0.0369720458984
0.0174779891968
0.0121808052063
0.013720035553
0.0343780517578
0.0147681236267
0.0346119403839
0.0150740146637
0.0342829227448
0.0133140087128
0.0360949039459
0.0148780345917
0.0353510379791
0.0161099433899
0.0159339904785
0.0375761985779
0.0139389038086
0.0148189067841
0.0416641235352
0.0117790699005
0.0108699798584
0.0377349853516
0.0100779533386
0.0402009487152
0.0149259567261
0.0353269577026
0.0143752098083
0.035936832428
0.0163421630859
0.0121729373932
0.017324924469
0.0447289943695
0.0142719745636
0.0165240764618
0.0396230220795
0.0130410194397
0.0142619609833
0.0330920219421
0.0157849788666
0.0165989398956
0.0371739864349
0.0159771442413

